# Created by Octave 9.2.0, Tue Apr 08 00:21:16 2025 GMT <unknown@DESKTOP-6583E93>
# name: A
# type: matrix
# rows: 3
# columns: 3
 0.74999999999999989 -0.43301270189221919 0.24999999999999997
 -0.43301270189221919 1.2499999999999998 -0.43301270189221935
 0.24999999999999997 -0.43301270189221935 1.5


