# Created by Octave 9.2.0, Tue Apr 22 08:37:31 2025 GMT <unknown@DESKTOP-6583E93>
# name: Data8
# type: matrix
# rows: 200
# columns: 3
 1.7385804226932891 1.2400643714958215 3.1880205298711672
 0.57635101529134025 1.3219642295909506 1.2151839160614555
 1.0250694115048429 1.5033387300672181 2.1087595834412034
 1.7521023258731443 0.4944652340243092 4.4843604601602722
 -0.32438166484067099 2.8154613865791216 3.0232327451036243
 0.73191088203917354 0.88534373630302876 -0.13359778693251245
 1.9870246374910117 1.6464474114495924 2.6588913122909466
 1.7835842494368888 0.9591433137073202 1.3800234044819559
 1.4213743151149743 2.2315012037763857 3.6961559904317696
 0.29428952622227389 0.21485336943971656 -1.6215449494096781
 0.058526655231915248 -0.0063271066633863171 3.2209334700725316
 1.555145519376683 2.5887577868782161 -0.1392598014595996
 -0.99719208664396786 2.1057189231894937 -1.4825491369407149
 2.2295970093542539 2.0120103426204659 4.1364359860201274
 -0.3777389571234937 2.8331917826953252 -3.3949435065538567
 1.3453923587848264 0.26851953215224178 1.8864701055854218
 1.0127334130191683 2.3605581356086573 -0.19620871380429428
 1.5060684574875856 1.9313188436497137 5.2364137109921725
 -0.46353099241297668 2.9331865927837391 0.38871247773682133
 0.53994153562016178 1.7242322542461428 0.13096864443991385
 1.3573926276080257 2.3611808783254289 -1.7799265162662676
 2.2723309633673261 2.6524002504641948 0.28158558080323459
 0.68779237340097699 1.7696752818811741 0.59066596540484451
 3.8730073348748042 1.109073778673181 2.8241996231446826
 -0.28476955548515681 3.3145777261171494 -1.1899372052225847
 3.8085209046523634 3.3961998645616864 4.1629947593341754
 2.0210254371524012 1.2836842935992983 2.9515497911409567
 0.2668345673546646 2.8274626248174322 -1.6788521536740577
 -0.55813035396110489 2.532896272668502 -2.7702948550362505
 2.0380133547273429 2.4672240947899824 2.2435200329104048
 2.2198161028637671 3.8304243618548508 1.887915101640584
 0.3244606862686068 2.6711458350401811 1.8358248832167128
 0.38114538767677753 1.01379629702148 1.9098660072039437
 2.322853283563493 -0.83323373007215862 1.7415397504143844
 1.0677671705719023 1.9701225007722567 0.80211555716028005
 0.52829828522141975 1.639303464719605 3.1731719686460176
 2.5630995112670218 0.66241368199022199 2.1117805651232704
 1.997172399865129 1.9346129914659518 -0.38769332273363677
 0.77657410377122438 1.4489354281977562 -1.0741007071460278
 -0.40760217253604569 1.6047664408942373 -1.5589396138367171
 0.7269549301945204 2.7879760634622999 2.8119981916818331
 -1.3333521099034771 1.2780486062029026 -1.4111602057665791
 1.9358560971247132 3.7992096403140243 3.5976747368095987
 2.0701609658410725 2.0389264823710302 1.0148817458901389
 -0.24188960912532886 1.686887240611755 1.2509264084059406
 1.4605746751204087 0.89663509261775687 0.10912035972392431
 0.38341916706747003 1.56710267009884 0.92697126690264042
 0.62294273060857475 0.78034885504638241 0.66907122320045653
 1.9644357216264976 1.1969014455963716 4.2157805314726788
 1.5601121786816261 1.9010236976935782 1.784637510678301
 -1.2846504732945481 0.44908638329639938 0.35618160807611032
 1.4198380105856139 2.9431185517858314 2.1482098431301107
 1.7637314141013445 0.32001022367059861 5.7694428544818273
 2.1307640421559619 3.4311927929572539 2.9001349605111302
 2.0492023291010106 1.1130395718380819 5.6114073140662146
 2.0505467024206574 2.0752110255596072 1.8726506253251749
 2.4485617831034969 2.4556360761817944 2.0507170529386869
 0.82235762893117459 0.10012067762525767 1.5845042125682842
 1.4744099276624736 4.4495357340569557 2.5629201673222135
 0.5891278875119178 2.874172967339705 3.7279663281622297
 0.6716518362527506 3.1404464856755254 3.0072298000182105
 -0.20950628786367487 2.4368845528060628 0.73368198983969213
 1.1556608921202538 -0.20902952780089867 4.8130647848033501
 1.2227439268848008 2.8581479517792148 -0.10108683765933169
 0.19022942717027613 2.3091949484176602 0.35831722831484769
 0.0074299275156872735 1.8449850130474084 -1.1404990961241979
 2.3237954223131991 1.7976441411932857 4.9374650413364716
 1.8764786958285686 1.3649853534071994 5.0267208224515212
 2.2320002787247857 0.66311041779938606 2.2438999479064279
 -1.453648269472287 2.0374475204535898 1.3176810101958445
 1.2157170730190638 4.3688509034204817 -0.79134332338373259
 0.7468542924146262 2.2531911951812571 2.163893645776001
 0.60558036761606693 2.9991428315586042 -0.52851569392714315
 -0.31292856971694039 3.4249010459319784 1.7133204516758245
 0.6002120014166612 0.96296584527880213 -1.5393027069783807
 1.1000460109417545 2.2157483079732665 3.4371038298150807
 1.283550913623305 3.186078421661712 0.79088753620542462
 1.6925465994971844 1.5912372269415187 0.73945201783938974
 -0.45345069533152693 1.0735366695376705 0.61675553727964127
 1.1371492456954706 1.9466247213591734 4.0870337540943416
 -0.5093922964065607 1.7872904851963534 1.72049530873326
 1.5813538772318667 1.6864193999797157 0.60962643476810197
 0.077970814269111566 1.5678052515529441 -2.4478683120839921
 1.9138557196755088 3.0360341742582948 1.5916977573917444
 1.0929366446225079 0.87011776262751361 4.3025176045773748
 0.49801296476519363 2.7179298844941275 4.2108305235124002
 0.32828984735635858 1.5540881339676904 -0.76514825429819711
 1.257930312171192 1.9473211310948588 2.5581093390699809
 0.87755278415142446 0.58665343439076945 -1.99742860457039
 -0.8077086527837769 1.9933981497898254 3.617749916386555
 0.11511111411008346 0.85343557700801176 1.699273432281277
 -0.28696522554325221 1.5726424832690069 0.99604319499569005
 0.43976578043232473 2.4810174725281895 1.1542436950389656
 1.8179214370268368 3.8228671319418739 2.3132573576619331
 2.2979638917089229 2.4821244566398324 3.9898029527108321
 1.4928960898382675 2.3065547399836017 8.1273159069427336
 -0.28778505851837521 1.6989095785092041 0.4974339845207858
 2.1225706159271178 1.7980626442152672 2.8216453430649016
 3.2590875881691304 2.1186827110931485 7.6984904926489559
 -1.5500615751569273 -0.35912623704944968 2.1626754278228977
 0.21766988647040497 0.8728368174775476 2.8214684993114902
 0.38217331217713291 -0.83649826518152892 3.3462710693896391
 1.6428284335319243 0.11152725228042093 0.80758821605828057
 0.20147499718272965 1.9691458605628556 2.7821676854456792
 1.8295523611652134 0.29923244747925137 2.0001133445235375
 0.38421951521959896 1.8651274475984672 1.2076212408700335
 1.1381725296326104 1.750122449989435 3.1659336141847079
 1.5897989213398689 2.1731393801669938 2.5648548551580594
 1.085350016561351 0.23404591561520838 1.7809363011837254
 1.4054330925877871 3.4606279848149342 6.0507752899767873
 -0.065179552984209854 1.2847259859787648 -0.84223128138453318
 0.041793474853841883 1.7825318434537782 2.4123678486259807
 1.1610315818286729 3.4579948912792147 -0.35377917241511625
 -0.54857039424680698 2.5211600182748262 5.7872898341638823
 0.82705780773982929 2.2819266219036503 4.2147655022379151
 -1.1326400396563927 3.0229929525492913 -0.866319250872153
 -0.50955109611902194 2.7345897499471681 1.720632384111507
 0.99697357469979531 3.2239308360909309 1.0398123282299161
 -0.17228859556680098 1.4722394820185107 -0.98752089609394522
 1.1919124237845862 2.4736514087307282 1.5905705493864604
 -0.9708820966852445 1.4939259960393341 -2.7222334102776751
 1.0809568381806121 1.3152867582708203 4.5432758909965232
 -0.0027126605293388284 2.0463160730452667 2.0962126597196766
 2.1553294321136183 1.4851419192592417 1.5223309427454983
 2.48530426358082 1.0781831481541166 1.4518393219143366
 0.87879598845123796 2.1402481350468809 -0.102140617360998
 1.2954258918875989 2.0656080345251828 2.9652685598980733
 2.1179105398165117 0.66254548772132504 -0.53153160708237346
 1.9425341527258531 1.2674797085346594 3.7533884762898131
 1.0839926401148474 2.9414326887716391 1.2393236443393127
 2.52566094278811 1.2107895735141843 2.2460838504525467
 -0.57124603883519298 3.154825682566746 5.7418048039719647
 2.0697968750956321 2.9725934718583864 0.94525639521385552
