# Created by Octave 9.2.0, Tue Apr 22 08:37:43 2025 GMT <unknown@DESKTOP-6583E93>
# name: Data9
# type: matrix
# rows: 200
# columns: 3
 1001.2231495869299 0.63782645447798325 1000.953495930196
 1001.4159497941145 1.4031790358938139 1005.5951730267243
 999.18859975463158 2.7025000334370874 1001.9624769194601
 998.92042286478511 1.4275811831720344 1000.3223897626847
 1000.4946372670344 2.659839828909615 1005.4263244567792
 1002.0111980189464 2.7582479906379702 1002.9858832455876
 1000.0042532946078 1.9492988351130141 1004.0672570155378
 1000.5023774284429 1.2569117769778426 999.05831094467305
 1000.859434299739 1.9010062393665483 1001.9913284493152
 999.78490719313857 1.3882152759231974 1001.1712315997453
 999.53860251131277 1.2477441742763387 1001.0494660638288
 999.93007012384817 0.43842842705705132 1006.0463417435334
 999.87679147549056 -0.082710242211488705 1006.8851977025447
 999.3793994424492 2.4851519637614063 1003.2579440754905
 998.97603716711012 1.3157339209541628 1002.4726715574139
 999.54079573918352 2.0408713904490359 1001.5704693688369
 999.37450637257268 0.37518137005199925 1001.0000940777701
 998.32883768365809 3.7538230046179133 1000.0567295750914
 999.71830744316162 3.1149587880789098 997.39966754318505
 998.99872447489611 2.2194652622732427 1003.3548369485807
 1002.5156587440506 0.13259890555816911 1005.9561438752928
 1000.1627947857836 0.21953300675950782 1003.5569368030255
 999.42025506380412 1.6412683542425022 999.54407400122659
 999.5840830038951 1.5761616214350505 1000.3331002814833
 1001.1527933900703 0.84233973738789669 1001.5733961359007
 1001.9440874854215 2.2119848493667726 1005.5954666646011
 997.72754612437188 3.2496601009480939 1000.4973483609473
 1000.2442524872117 1.5003316330204763 998.94766344721916
 1000.3968551508057 2.4377653482341057 1001.7192585793092
 999.73991786196177 2.6455663783961638 1001.1337667154665
 999.47212531082857 2.2807195431033311 1001.7842946954966
 1000.8452039976645 3.1651346516724188 1002.839385149457
 999.43540050565434 1.2908510722135789 998.66740936508552
 999.08954768975229 2.0539019355049324 1000.9452639064563
 999.12346639873226 3.3707392011813924 998.53021699755845
 1001.306187198894 2.7935531965283618 1005.0333234758059
 998.86595680050209 1.4402806948891902 996.84760023606782
 1001.3493290628318 2.6309915614876656 1003.8843353204852
 1000.7050656781125 1.7854771649311734 1002.947009247025
 999.19767499343652 1.2549745937399499 1000.2219698972677
 1000.7406920057824 1.5667441420036163 1001.5407729991856
 1000.3163749554113 1.2423032824508229 1001.0608686066456
 1000.3388613951294 2.4072145506692482 1000.4843210975439
 1001.5498821054805 2.2654722028236698 1004.5382849101493
 1000.9883745302897 2.3483560230637344 1000.8696340122383
 1000.357121658409 2.5694238711848731 1000.564432024001
 1000.795538054429 2.4018960096734507 1002.1642592687066
 1000.6511118029351 2.0225887682136277 1001.5134684172557
 997.15838475311602 1.0849690098752118 995.54435132006085
 999.26081267954385 2.1659116532091143 1004.3521758434514
 999.76634333548429 2.3245322259363164 1003.8197573940447
 1000.5784327503201 1.305831615040868 1002.8033942447195
 999.42736040024602 1.4158703025983885 1002.1828836745344
 999.80035400061251 0.7427018577461717 1003.3423801428255
 999.38240537002605 1.6429697910626428 999.97564572071758
 1000.4461354333232 0.64384052149889115 1000.8158127617537
 1000.5602135836433 0.3999990440242629 1002.163335429876
 998.33079982406548 0.84818856244183594 1001.0482996754299
 1000.3870482576465 1.5884260585273633 999.1612436850412
 997.70429490863535 2.2572916310924307 995.28581328030634
 1001.6485028018855 1.5817026483523844 999.21128319223999
 999.00626897092025 4.289015702111123 998.50544501178661
 1000.4937053101717 1.7311548968559181 998.94070979143362
 999.86632171042538 0.2065925160976263 1000.9875846251784
 999.18806228380595 1.3771053505811963 998.8640395948288
 1000.5383663495899 1.1103195402939781 1001.1618851978074
 999.1809147625338 1.8665207942384867 997.98898602395275
 999.6577015133289 1.106631831955476 1000.2430973032351
 1000.3597225095306 0.67937792572661859 1001.1035966999061
 1000.5360150702091 2.4087070353801678 1003.4891898087127
 998.80010295654279 1.0678562200978614 1002.1449794714731
 997.99574346642123 1.8965523914773113 995.13028687403312
 998.82080857470146 1.7759427637790153 998.92287322674713
 999.83375582728218 2.533563677928607 999.78982515246173
 998.17929850416135 2.1131655660013484 999.16168929093374
 999.67443689489437 3.0941619392547106 1002.9521130616251
 1000.3647048934181 3.4796526379434818 998.38898554307139
 999.17979000820856 0.6390602573454125 1000.0836755558762
 999.29728475547086 1.7114892779435324 1002.0026244711211
 999.70737977119393 2.3625766946517262 1001.0883517173058
 998.47213543130931 1.5580051004218367 998.89422695392761
 1000.8968979877079 0.58035092033886038 1005.181969909204
 999.04922824855373 2.5396449084516037 999.00282259657502
 1000.2539155109392 1.7349082375575617 1000.1730187006607
 998.7046103683416 -0.15472385624780705 998.30547713089607
 999.80151873681621 -0.35044835459606771 1001.1197286473852
 1000.917464231828 2.6922339304668297 998.00902310237871
 1000.3546458801275 -0.69099714147965274 1000.4438502068633
 1000.7592635600435 0.1231379711451015 1001.4581396188496
 998.32410266435238 1.1305230197272524 1000.7424354964807
 999.62407964547606 1.0007366351596509 1001.7800798528215
 999.82463785063635 -0.80815007141438544 1003.6902087935583
 1001.1757548135058 0.87450332682414489 1001.6614944175089
 1000.4931076833409 2.8252372435396151 1001.4397714102203
 1001.2581091463484 0.40912596542837942 1002.6547894105594
 999.08507931680015 1.3892422615315869 1001.7818220995061
 999.69962822066134 2.5133213494490532 998.75842233717287
 998.40799187704692 0.89374590384336172 998.68824800144932
 1000.7232938011481 2.5230529369845742 1001.4485023834686
 999.63027990468538 1.4590602123000624 1001.7204431623713
 1001.8107172162187 1.0800390336734427 1003.7740402541464
 1000.5050191670289 0.63256443155476982 1004.2444488074198
 999.76584365173903 2.5209362018163071 1002.4911357116162
 999.94754684042812 1.9744903380212093 999.21046557068678
 1001.8970883745409 3.7485937292136806 1000.5521841701992
 998.8136935703958 0.9626731235017103 998.94937422347027
 1000.9189518737693 0.83438934178766022 998.63821895200761
 997.56507209418817 2.8139139604998142 997.75712240859775
 1000.3259075568395 -0.16855943963599707 998.48099505076107
 1000.2079970680528 1.6281943675192665 1003.9964232906198
 1000.9229449774599 1.8238381493017914 1001.0075478818773
 1001.094397123369 2.1043570101886289 1003.7172489827626
 1001.125761142296 2.2731778438979831 1001.9595911543539
 999.82651672602265 2.3853277709822529 998.98358657029485
 1000.7250017369505 1.5992799627915173 1003.4698289111404
 1000.0339488760176 3.1448222582453793 1002.9106470354693
 999.43476606796651 0.82247119611253083 1001.5494782167656
 999.31348079203701 0.83445737167263689 999.55519514010791
 1000.0953067613335 0.62077076814788223 1002.1893972738644
 999.62110689588178 0.62165567725452209 1000.0007468916907
 1000.0742505053205 2.7970615845642031 1001.9174191822832
 999.48119588991017 1.9615281243422027 997.65932766276205
 1000.3621918568261 3.2320930288494174 998.65230497541859
 999.85370270166914 1.0856311687140026 1001.0727559264702
 998.78511464923747 1.5085550244011772 1002.7089907464812
 1000.6797347668202 1.2579665065057541 1001.3022377902051
 999.15562836099434 2.780250172698953 998.65697536126311
 1000.7662136596355 1.5259051380748638 997.98009783974521
 998.07400538733839 1.1803640138852494 997.23522446790423
 999.84408026659946 2.0732764290619126 1000.9437797559434
 997.63791715702087 2.9482315898484246 1001.6677981999095
 1001.1448784505749 3.0262328043306583 1002.8225000446336
 1000.7836746122159 2.3042897640442801 1002.6457970293244
 998.55195301482274 1.5107770242429577 998.24623506263151
 999.31930396438895 4.4028622479235633 1003.1243008928765
